Province/State	Country/Region	Lat	Long	Date	Confirmed	Deaths	Recovered	Active Cases	Month-Year	Confirmed Daily	Deaths Daily	Recovered Daily	Turkey vs Rest of the World
Iran	Iran	32.0	53.0	2020-01-22	0	0	0	0	Jan-20	0	0	0	Rest of the World
Iran	Iran	32.0	53.0	2020-01-23	0	0	0	0	Jan-20	0	0	0	Rest of the World
Iran	Iran	32.0	53.0	2020-01-24	0	0	0	0	Jan-20	0	0	0	Rest of the World
Iran	Iran	32.0	53.0	2020-01-25	0	0	0	0	Jan-20	0	0	0	Rest of the World
Iran	Iran	32.0	53.0	2020-01-26	0	0	0	0	Jan-20	0	0	0	Rest of the World
Iran	Iran	32.0	53.0	2020-01-27	0	0	0	0	Jan-20	0	0	0	Rest of the World
Iran	Iran	32.0	53.0	2020-01-28	0	0	0	0	Jan-20	0	0	0	Rest of the World
Iran	Iran	32.0	53.0	2020-01-29	0	0	0	0	Jan-20	0	0	0	Rest of the World
Iran	Iran	32.0	53.0	2020-01-30	0	0	0	0	Jan-20	0	0	0	Rest of the World
Iran	Iran	32.0	53.0	2020-01-31	0	0	0	0	Jan-20	0	0	0	Rest of the World
Iran	Iran	32.0	53.0	2020-02-01	0	0	0	0	Feb-20	0	0	0	Rest of the World
Iran	Iran	32.0	53.0	2020-02-02	0	0	0	0	Feb-20	0	0	0	Rest of the World
Iran	Iran	32.0	53.0	2020-02-03	0	0	0	0	Feb-20	0	0	0	Rest of the World
Iran	Iran	32.0	53.0	2020-02-04	0	0	0	0	Feb-20	0	0	0	Rest of the World
Iran	Iran	32.0	53.0	2020-02-05	0	0	0	0	Feb-20	0	0	0	Rest of the World
Iran	Iran	32.0	53.0	2020-02-06	0	0	0	0	Feb-20	0	0	0	Rest of the World
Iran	Iran	32.0	53.0	2020-02-07	0	0	0	0	Feb-20	0	0	0	Rest of the World
Iran	Iran	32.0	53.0	2020-02-08	0	0	0	0	Feb-20	0	0	0	Rest of the World
Iran	Iran	32.0	53.0	2020-02-09	0	0	0	0	Feb-20	0	0	0	Rest of the World
Iran	Iran	32.0	53.0	2020-02-10	0	0	0	0	Feb-20	0	0	0	Rest of the World
Iran	Iran	32.0	53.0	2020-02-11	0	0	0	0	Feb-20	0	0	0	Rest of the World
Iran	Iran	32.0	53.0	2020-02-12	0	0	0	0	Feb-20	0	0	0	Rest of the World
Iran	Iran	32.0	53.0	2020-02-13	0	0	0	0	Feb-20	0	0	0	Rest of the World
Iran	Iran	32.0	53.0	2020-02-14	0	0	0	0	Feb-20	0	0	0	Rest of the World
Iran	Iran	32.0	53.0	2020-02-15	0	0	0	0	Feb-20	0	0	0	Rest of the World
Iran	Iran	32.0	53.0	2020-02-16	0	0	0	0	Feb-20	0	0	0	Rest of the World
Iran	Iran	32.0	53.0	2020-02-17	0	0	0	0	Feb-20	0	0	0	Rest of the World
Iran	Iran	32.0	53.0	2020-02-18	0	0	0	0	Feb-20	0	0	0	Rest of the World
Iran	Iran	32.0	53.0	2020-02-19	2	2	0	0	Feb-20	2	2	0	Rest of the World
Iran	Iran	32.0	53.0	2020-02-20	5	2	0	3	Feb-20	3	0	0	Rest of the World
Iran	Iran	32.0	53.0	2020-02-21	18	4	0	14	Feb-20	13	2	0	Rest of the World
Iran	Iran	32.0	53.0	2020-02-22	28	5	0	23	Feb-20	10	1	0	Rest of the World
Iran	Iran	32.0	53.0	2020-02-23	43	8	0	35	Feb-20	15	3	0	Rest of the World
Iran	Iran	32.0	53.0	2020-02-24	61	12	0	49	Feb-20	18	4	0	Rest of the World
Iran	Iran	32.0	53.0	2020-02-25	95	16	0	79	Feb-20	34	4	0	Rest of the World
Iran	Iran	32.0	53.0	2020-02-26	139	19	49	71	Feb-20	44	3	49	Rest of the World
Iran	Iran	32.0	53.0	2020-02-27	245	26	49	170	Feb-20	106	7	0	Rest of the World
Iran	Iran	32.0	53.0	2020-02-28	388	34	73	281	Feb-20	143	8	24	Rest of the World
Iran	Iran	32.0	53.0	2020-02-29	593	43	123	427	Feb-20	205	9	50	Rest of the World
Iran	Iran	32.0	53.0	2020-03-01	978	54	175	749	Mar-20	385	11	52	Rest of the World
Iran	Iran	32.0	53.0	2020-03-02	1501	66	291	1144	Mar-20	523	12	116	Rest of the World
Iran	Iran	32.0	53.0	2020-03-03	2336	77	291	1968	Mar-20	835	11	0	Rest of the World
Iran	Iran	32.0	53.0	2020-03-04	2922	92	552	2278	Mar-20	586	15	261	Rest of the World
Iran	Iran	32.0	53.0	2020-03-05	3513	107	739	2667	Mar-20	591	15	187	Rest of the World
Iran	Iran	32.0	53.0	2020-03-06	4747	124	913	3710	Mar-20	1234	17	174	Rest of the World
Iran	Iran	32.0	53.0	2020-03-07	5823	145	1669	4009	Mar-20	1076	21	756	Rest of the World
Iran	Iran	32.0	53.0	2020-03-08	6566	194	2134	4238	Mar-20	743	49	465	Rest of the World
Iran	Iran	32.0	53.0	2020-03-09	7161	237	2394	4530	Mar-20	595	43	260	Rest of the World
Iran	Iran	32.0	53.0	2020-03-10	8042	291	2731	5020	Mar-20	881	54	337	Rest of the World
Iran	Iran	32.0	53.0	2020-03-11	9000	354	2959	5687	Mar-20	958	63	228	Rest of the World
Iran	Iran	32.0	53.0	2020-03-12	10075	429	2959	6687	Mar-20	1075	75	0	Rest of the World
Iran	Iran	32.0	53.0	2020-03-13	11364	514	2959	7891	Mar-20	1289	85	0	Rest of the World
Iran	Iran	32.0	53.0	2020-03-14	12729	611	2959	9159	Mar-20	1365	97	0	Rest of the World
Iran	Iran	32.0	53.0	2020-03-15	13938	724	4590	8624	Mar-20	1209	113	1631	Rest of the World
Iran	Iran	32.0	53.0	2020-03-16	14991	853	4590	9548	Mar-20	1053	129	0	Rest of the World
Iran	Iran	32.0	53.0	2020-03-17	16169	988	5389	9792	Mar-20	1178	135	799	Rest of the World
Iran	Iran	32.0	53.0	2020-03-18	17361	1135	5389	10837	Mar-20	1192	147	0	Rest of the World
Iran	Iran	32.0	53.0	2020-03-19	18407	1284	5710	11413	Mar-20	1046	149	321	Rest of the World
Iran	Iran	32.0	53.0	2020-03-20	19644	1433	6745	11466	Mar-20	1237	149	1035	Rest of the World
Iran	Iran	32.0	53.0	2020-03-21	20610	1556	7635	11419	Mar-20	966	123	890	Rest of the World
Iran	Iran	32.0	53.0	2020-03-22	21638	1685	7931	12022	Mar-20	1028	129	296	Rest of the World
Iran	Iran	32.0	53.0	2020-03-23	23049	1812	7931	13306	Mar-20	1411	127	0	Rest of the World
Iran	Iran	32.0	53.0	2020-03-24	24811	1934	8913	13964	Mar-20	1762	122	982	Rest of the World
Iran	Iran	32.0	53.0	2020-03-25	27017	2077	9625	15315	Mar-20	2206	143	712	Rest of the World
Iran	Iran	32.0	53.0	2020-03-26	29406	2234	10457	16715	Mar-20	2389	157	832	Rest of the World
Iran	Iran	32.0	53.0	2020-03-27	32332	2378	11133	18821	Mar-20	2926	144	676	Rest of the World
Iran	Iran	32.0	53.0	2020-03-28	35408	2517	11679	21212	Mar-20	3076	139	546	Rest of the World
Iran	Iran	32.0	53.0	2020-03-29	38309	2640	12391	23278	Mar-20	2901	123	712	Rest of the World
Iran	Iran	32.0	53.0	2020-03-30	41495	2757	13911	24827	Mar-20	3186	117	1520	Rest of the World
Iran	Iran	32.0	53.0	2020-03-31	44605	2898	14656	27051	Mar-20	3110	141	745	Rest of the World
Iran	Iran	32.0	53.0	2020-04-01	47593	3036	15473	29084	Apr-20	2988	138	817	Rest of the World
Iran	Iran	32.0	53.0	2020-04-02	50468	3160	16711	30597	Apr-20	2875	124	1238	Rest of the World
Iran	Iran	32.0	53.0	2020-04-03	53183	3294	17935	31954	Apr-20	2715	134	1224	Rest of the World
Iran	Iran	32.0	53.0	2020-04-04	55743	3452	19736	32555	Apr-20	2560	158	1801	Rest of the World
Iran	Iran	32.0	53.0	2020-04-05	58226	3603	19736	34887	Apr-20	2483	151	0	Rest of the World
Iran	Iran	32.0	53.0	2020-04-06	60500	3739	24236	32525	Apr-20	2274	136	4500	Rest of the World
Iran	Iran	32.0	53.0	2020-04-07	62589	3872	27039	31678	Apr-20	2089	133	2803	Rest of the World
Iran	Iran	32.0	53.0	2020-04-08	64586	3993	29812	30781	Apr-20	1997	121	2773	Rest of the World
Iran	Iran	32.0	53.0	2020-04-09	66220	4110	32309	29801	Apr-20	1634	117	2497	Rest of the World
Iran	Iran	32.0	53.0	2020-04-10	68192	4232	35465	28495	Apr-20	1972	122	3156	Rest of the World
Iran	Iran	32.0	53.0	2020-04-11	70029	4357	41947	23725	Apr-20	1837	125	6482	Rest of the World
Iran	Iran	32.0	53.0	2020-04-12	71686	4474	43894	23318	Apr-20	1657	117	1947	Rest of the World
Iran	Iran	32.0	53.0	2020-04-13	73303	4585	45983	22735	Apr-20	1617	111	2089	Rest of the World
Iran	Iran	32.0	53.0	2020-04-14	74877	4683	48129	22065	Apr-20	1574	98	2146	Rest of the World
Iran	Iran	32.0	53.0	2020-04-15	76389	4777	49933	21679	Apr-20	1512	94	1804	Rest of the World
Iran	Iran	32.0	53.0	2020-04-16	77995	4869	52229	20897	Apr-20	1606	92	2296	Rest of the World
Iran	Iran	32.0	53.0	2020-04-17	79494	4958	54064	20472	Apr-20	1499	89	1835	Rest of the World
Iran	Iran	32.0	53.0	2020-04-18	80868	5031	55987	19850	Apr-20	1374	73	1923	Rest of the World
Iran	Iran	32.0	53.0	2020-04-19	82211	5118	57023	20070	Apr-20	1343	87	1036	Rest of the World
Iran	Iran	32.0	53.0	2020-04-20	83505	5209	59273	19023	Apr-20	1294	91	2250	Rest of the World
Iran	Iran	32.0	53.0	2020-04-21	84802	5297	60965	18540	Apr-20	1297	88	1692	Rest of the World
Iran	Iran	32.0	53.0	2020-04-22	85996	5391	63113	17492	Apr-20	1194	94	2148	Rest of the World
Iran	Iran	32.0	53.0	2020-04-23	87026	5481	64843	16702	Apr-20	1030	90	1730	Rest of the World
Iran	Iran	32.0	53.0	2020-04-24	88194	5574	66599	16021	Apr-20	1168	93	1756	Rest of the World
Iran	Iran	32.0	53.0	2020-04-25	89328	5650	68193	15485	Apr-20	1134	76	1594	Rest of the World
Iran	Iran	32.0	53.0	2020-04-26	90481	5710	69657	15114	Apr-20	1153	60	1464	Rest of the World
Iran	Iran	32.0	53.0	2020-04-27	91472	5806	70933	14733	Apr-20	991	96	1276	Rest of the World
Iran	Iran	32.0	53.0	2020-04-28	92584	5877	72439	14268	Apr-20	1112	71	1506	Rest of the World
Iran	Iran	32.0	53.0	2020-04-29	93657	5957	73791	13909	Apr-20	1073	80	1352	Rest of the World
Iran	Iran	32.0	53.0	2020-04-30	94640	6028	75103	13509	Apr-20	983	71	1312	Rest of the World
Iran	Iran	32.0	53.0	2020-05-01	95646	6091	76318	13237	May-20	1006	63	1215	Rest of the World
Iran	Iran	32.0	53.0	2020-05-02	96448	6156	77350	12942	May-20	802	65	1032	Rest of the World
Iran	Iran	32.0	53.0	2020-05-03	97424	6203	78422	12799	May-20	976	47	1072	Rest of the World
Iran	Iran	32.0	53.0	2020-05-04	98647	6277	79379	12991	May-20	1223	74	957	Rest of the World
Iran	Iran	32.0	53.0	2020-05-05	99970	6340	80475	13155	May-20	1323	63	1096	Rest of the World
Iran	Iran	32.0	53.0	2020-05-06	101650	6418	81587	13645	May-20	1680	78	1112	Rest of the World
Iran	Iran	32.0	53.0	2020-05-07	103135	6486	82744	13905	May-20	1485	68	1157	Rest of the World
Iran	Iran	32.0	53.0	2020-05-08	104691	6541	83837	14313	May-20	1556	55	1093	Rest of the World
Iran	Iran	32.0	53.0	2020-05-09	106220	6589	85064	14567	May-20	1529	48	1227	Rest of the World
Iran	Iran	32.0	53.0	2020-05-10	107603	6640	86143	14820	May-20	1383	51	1079	Rest of the World
Iran	Iran	32.0	53.0	2020-05-11	109286	6685	87422	15179	May-20	1683	45	1279	Rest of the World
Iran	Iran	32.0	53.0	2020-05-12	110767	6733	88357	15677	May-20	1481	48	935	Rest of the World
Iran	Iran	32.0	53.0	2020-05-13	112725	6783	89428	16514	May-20	1958	50	1071	Rest of the World
Iran	Iran	32.0	53.0	2020-05-14	114533	6854	90539	17140	May-20	1808	71	1111	Rest of the World
Iran	Iran	32.0	53.0	2020-05-15	116635	6902	91836	17897	May-20	2102	48	1297	Rest of the World
Iran	Iran	32.0	53.0	2020-05-16	118392	6937	93147	18308	May-20	1757	35	1311	Rest of the World
Iran	Iran	32.0	53.0	2020-05-17	120198	6988	94464	18746	May-20	1806	51	1317	Rest of the World
Iran	Iran	32.0	53.0	2020-05-18	122492	7057	95661	19774	May-20	2294	69	1197	Rest of the World
Iran	Iran	32.0	53.0	2020-05-19	124603	7119	97173	20311	May-20	2111	62	1512	Rest of the World
Iran	Iran	32.0	53.0	2020-05-20	126949	7183	98808	20958	May-20	2346	64	1635	Rest of the World
Iran	Iran	32.0	53.0	2020-05-21	129341	7249	100564	21528	May-20	2392	66	1756	Rest of the World
Iran	Iran	32.0	53.0	2020-05-22	131652	7300	102276	22076	May-20	2311	51	1712	Rest of the World
Iran	Iran	32.0	53.0	2020-05-23	133521	7359	104072	22090	May-20	1869	59	1796	Rest of the World
Iran	Iran	32.0	53.0	2020-05-24	135701	7417	105801	22483	May-20	2180	58	1729	Rest of the World
Iran	Iran	32.0	53.0	2020-05-25	137724	7451	107713	22560	May-20	2023	34	1912	Rest of the World
Iran	Iran	32.0	53.0	2020-05-26	139511	7508	109437	22566	May-20	1787	57	1724	Rest of the World
Iran	Iran	32.0	53.0	2020-05-27	141591	7564	111176	22851	May-20	2080	56	1739	Rest of the World
Iran	Iran	32.0	53.0	2020-05-28	143849	7627	112988	23234	May-20	2258	63	1812	Rest of the World
Iran	Iran	32.0	53.0	2020-05-29	146668	7677	114931	24060	May-20	2819	50	1943	Rest of the World
Iran	Iran	32.0	53.0	2020-05-30	148950	7734	116827	24389	May-20	2282	57	1896	Rest of the World
Iran	Iran	32.0	53.0	2020-05-31	151466	7797	118848	24821	May-20	2516	63	2021	Rest of the World
Iran	Iran	32.0	53.0	2020-06-01	154445	7878	121004	25563	Jun-20	2979	81	2156	Rest of the World
Iran	Iran	32.0	53.0	2020-06-02	157562	7942	123077	26543	Jun-20	3117	64	2073	Rest of the World
Iran	Iran	32.0	53.0	2020-06-03	160696	8012	125206	27478	Jun-20	3134	70	2129	Rest of the World
Iran	Iran	32.0	53.0	2020-06-04	164270	8071	127485	28714	Jun-20	3574	59	2279	Rest of the World
Iran	Iran	32.0	53.0	2020-06-05	167156	8134	129741	29281	Jun-20	2886	63	2256	Rest of the World
Iran	Iran	32.0	53.0	2020-06-06	169425	8209	132038	29178	Jun-20	2269	75	2297	Rest of the World
Iran	Iran	32.0	53.0	2020-06-07	171789	8281	134349	29159	Jun-20	2364	72	2311	Rest of the World
Iran	Iran	32.0	53.0	2020-06-08	173832	8351	136360	29121	Jun-20	2043	70	2011	Rest of the World
Iran	Iran	32.0	53.0	2020-06-09	175927	8425	138457	29045	Jun-20	2095	74	2097	Rest of the World
Iran	Iran	32.0	53.0	2020-06-10	177938	8506	140590	28842	Jun-20	2011	81	2133	Rest of the World
Iran	Iran	32.0	53.0	2020-06-11	180156	8584	142663	28909	Jun-20	2218	78	2073	Rest of the World
Iran	Iran	32.0	53.0	2020-06-12	182525	8659	144649	29217	Jun-20	2369	75	1986	Rest of the World
Iran	Iran	32.0	53.0	2020-06-13	184955	8730	146748	29477	Jun-20	2430	71	2099	Rest of the World
Iran	Iran	32.0	53.0	2020-06-14	187427	8837	148674	29916	Jun-20	2472	107	1926	Rest of the World
Iran	Iran	32.0	53.0	2020-06-15	189876	8950	150590	30336	Jun-20	2449	113	1916	Rest of the World
Iran	Iran	32.0	53.0	2020-06-16	192439	9065	152675	30699	Jun-20	2563	115	2085	Rest of the World
Iran	Iran	32.0	53.0	2020-06-17	195051	9185	154812	31054	Jun-20	2612	120	2137	Rest of the World
Iran	Iran	32.0	53.0	2020-06-18	197647	9272	156991	31384	Jun-20	2596	87	2179	Rest of the World
Iran	Iran	32.0	53.0	2020-06-19	200262	9392	159192	31678	Jun-20	2615	120	2201	Rest of the World
