Province/State	Country/Region	Lat	Long	Date	Confirmed	Deaths	Recovered	Active Cases	Month-Year	Confirmed Daily	Deaths Daily	Recovered Daily	Turkey vs Rest of the World
Italy	Italy	43.0	12.0	2020-01-22	0	0	0	0	Jan-20	0	0	0	Rest of the World
Italy	Italy	43.0	12.0	2020-01-23	0	0	0	0	Jan-20	0	0	0	Rest of the World
Italy	Italy	43.0	12.0	2020-01-24	0	0	0	0	Jan-20	0	0	0	Rest of the World
Italy	Italy	43.0	12.0	2020-01-25	0	0	0	0	Jan-20	0	0	0	Rest of the World
Italy	Italy	43.0	12.0	2020-01-26	0	0	0	0	Jan-20	0	0	0	Rest of the World
Italy	Italy	43.0	12.0	2020-01-27	0	0	0	0	Jan-20	0	0	0	Rest of the World
Italy	Italy	43.0	12.0	2020-01-28	0	0	0	0	Jan-20	0	0	0	Rest of the World
Italy	Italy	43.0	12.0	2020-01-29	0	0	0	0	Jan-20	0	0	0	Rest of the World
Italy	Italy	43.0	12.0	2020-01-30	0	0	0	0	Jan-20	0	0	0	Rest of the World
Italy	Italy	43.0	12.0	2020-01-31	2	0	0	2	Jan-20	2	0	0	Rest of the World
Italy	Italy	43.0	12.0	2020-02-01	2	0	0	2	Feb-20	0	0	0	Rest of the World
Italy	Italy	43.0	12.0	2020-02-02	2	0	0	2	Feb-20	0	0	0	Rest of the World
Italy	Italy	43.0	12.0	2020-02-03	2	0	0	2	Feb-20	0	0	0	Rest of the World
Italy	Italy	43.0	12.0	2020-02-04	2	0	0	2	Feb-20	0	0	0	Rest of the World
Italy	Italy	43.0	12.0	2020-02-05	2	0	0	2	Feb-20	0	0	0	Rest of the World
Italy	Italy	43.0	12.0	2020-02-06	2	0	0	2	Feb-20	0	0	0	Rest of the World
Italy	Italy	43.0	12.0	2020-02-07	3	0	0	3	Feb-20	1	0	0	Rest of the World
Italy	Italy	43.0	12.0	2020-02-08	3	0	0	3	Feb-20	0	0	0	Rest of the World
Italy	Italy	43.0	12.0	2020-02-09	3	0	0	3	Feb-20	0	0	0	Rest of the World
Italy	Italy	43.0	12.0	2020-02-10	3	0	0	3	Feb-20	0	0	0	Rest of the World
Italy	Italy	43.0	12.0	2020-02-11	3	0	0	3	Feb-20	0	0	0	Rest of the World
Italy	Italy	43.0	12.0	2020-02-12	3	0	0	3	Feb-20	0	0	0	Rest of the World
Italy	Italy	43.0	12.0	2020-02-13	3	0	0	3	Feb-20	0	0	0	Rest of the World
Italy	Italy	43.0	12.0	2020-02-14	3	0	0	3	Feb-20	0	0	0	Rest of the World
Italy	Italy	43.0	12.0	2020-02-15	3	0	0	3	Feb-20	0	0	0	Rest of the World
Italy	Italy	43.0	12.0	2020-02-16	3	0	0	3	Feb-20	0	0	0	Rest of the World
Italy	Italy	43.0	12.0	2020-02-17	3	0	0	3	Feb-20	0	0	0	Rest of the World
Italy	Italy	43.0	12.0	2020-02-18	3	0	0	3	Feb-20	0	0	0	Rest of the World
Italy	Italy	43.0	12.0	2020-02-19	3	0	0	3	Feb-20	0	0	0	Rest of the World
Italy	Italy	43.0	12.0	2020-02-20	3	0	0	3	Feb-20	0	0	0	Rest of the World
Italy	Italy	43.0	12.0	2020-02-21	20	1	0	19	Feb-20	17	1	0	Rest of the World
Italy	Italy	43.0	12.0	2020-02-22	62	2	1	59	Feb-20	42	1	1	Rest of the World
Italy	Italy	43.0	12.0	2020-02-23	155	3	2	150	Feb-20	93	1	1	Rest of the World
Italy	Italy	43.0	12.0	2020-02-24	229	7	1	221	Feb-20	74	4	-1	Rest of the World
Italy	Italy	43.0	12.0	2020-02-25	322	10	1	311	Feb-20	93	3	0	Rest of the World
Italy	Italy	43.0	12.0	2020-02-26	453	12	3	438	Feb-20	131	2	2	Rest of the World
Italy	Italy	43.0	12.0	2020-02-27	655	17	45	593	Feb-20	202	5	42	Rest of the World
Italy	Italy	43.0	12.0	2020-02-28	888	21	46	821	Feb-20	233	4	1	Rest of the World
Italy	Italy	43.0	12.0	2020-02-29	1128	29	46	1053	Feb-20	240	8	0	Rest of the World
Italy	Italy	43.0	12.0	2020-03-01	1694	34	83	1577	Mar-20	566	5	37	Rest of the World
Italy	Italy	43.0	12.0	2020-03-02	2036	52	149	1835	Mar-20	342	18	66	Rest of the World
Italy	Italy	43.0	12.0	2020-03-03	2502	79	160	2263	Mar-20	466	27	11	Rest of the World
Italy	Italy	43.0	12.0	2020-03-04	3089	107	276	2706	Mar-20	587	28	116	Rest of the World
Italy	Italy	43.0	12.0	2020-03-05	3858	148	414	3296	Mar-20	769	41	138	Rest of the World
Italy	Italy	43.0	12.0	2020-03-06	4636	197	523	3916	Mar-20	778	49	109	Rest of the World
Italy	Italy	43.0	12.0	2020-03-07	5883	233	589	5061	Mar-20	1247	36	66	Rest of the World
Italy	Italy	43.0	12.0	2020-03-08	7375	366	622	6387	Mar-20	1492	133	33	Rest of the World
Italy	Italy	43.0	12.0	2020-03-09	9172	463	724	7985	Mar-20	1797	97	102	Rest of the World
Italy	Italy	43.0	12.0	2020-03-10	10149	631	724	8794	Mar-20	977	168	0	Rest of the World
Italy	Italy	43.0	12.0	2020-03-11	12462	827	1045	10590	Mar-20	2313	196	321	Rest of the World
Italy	Italy	43.0	12.0	2020-03-12	15113	1016	1045	13052	Mar-20	2651	189	0	Rest of the World
Italy	Italy	43.0	12.0	2020-03-13	17660	1266	1439	14955	Mar-20	2547	250	394	Rest of the World
Italy	Italy	43.0	12.0	2020-03-14	21157	1441	1966	17750	Mar-20	3497	175	527	Rest of the World
Italy	Italy	43.0	12.0	2020-03-15	24747	1809	2335	20603	Mar-20	3590	368	369	Rest of the World
Italy	Italy	43.0	12.0	2020-03-16	27980	2158	2749	23073	Mar-20	3233	349	414	Rest of the World
Italy	Italy	43.0	12.0	2020-03-17	31506	2503	2941	26062	Mar-20	3526	345	192	Rest of the World
Italy	Italy	43.0	12.0	2020-03-18	35713	2978	4025	28710	Mar-20	4207	475	1084	Rest of the World
Italy	Italy	43.0	12.0	2020-03-19	41035	3405	4440	33190	Mar-20	5322	427	415	Rest of the World
Italy	Italy	43.0	12.0	2020-03-20	47021	4032	4440	38549	Mar-20	5986	627	0	Rest of the World
Italy	Italy	43.0	12.0	2020-03-21	53578	4825	6072	42681	Mar-20	6557	793	1632	Rest of the World
Italy	Italy	43.0	12.0	2020-03-22	59138	5476	7024	46638	Mar-20	5560	651	952	Rest of the World
Italy	Italy	43.0	12.0	2020-03-23	63927	6077	7024	50826	Mar-20	4789	601	0	Rest of the World
Italy	Italy	43.0	12.0	2020-03-24	69176	6820	8326	54030	Mar-20	5249	743	1302	Rest of the World
Italy	Italy	43.0	12.0	2020-03-25	74386	7503	9362	57521	Mar-20	5210	683	1036	Rest of the World
Italy	Italy	43.0	12.0	2020-03-26	80589	8215	10361	62013	Mar-20	6203	712	999	Rest of the World
Italy	Italy	43.0	12.0	2020-03-27	86498	9134	10950	66414	Mar-20	5909	919	589	Rest of the World
Italy	Italy	43.0	12.0	2020-03-28	92472	10023	12384	70065	Mar-20	5974	889	1434	Rest of the World
Italy	Italy	43.0	12.0	2020-03-29	97689	10779	13030	73880	Mar-20	5217	756	646	Rest of the World
Italy	Italy	43.0	12.0	2020-03-30	101739	11591	14620	75528	Mar-20	4050	812	1590	Rest of the World
Italy	Italy	43.0	12.0	2020-03-31	105792	12428	15729	77635	Mar-20	4053	837	1109	Rest of the World
Italy	Italy	43.0	12.0	2020-04-01	110574	13155	16847	80572	Apr-20	4782	727	1118	Rest of the World
Italy	Italy	43.0	12.0	2020-04-02	115242	13915	18278	83049	Apr-20	4668	760	1431	Rest of the World
Italy	Italy	43.0	12.0	2020-04-03	119827	14681	19758	85388	Apr-20	4585	766	1480	Rest of the World
Italy	Italy	43.0	12.0	2020-04-04	124632	15362	20996	88274	Apr-20	4805	681	1238	Rest of the World
Italy	Italy	43.0	12.0	2020-04-05	128948	15887	21815	91246	Apr-20	4316	525	819	Rest of the World
Italy	Italy	43.0	12.0	2020-04-06	132547	16523	22837	93187	Apr-20	3599	636	1022	Rest of the World
Italy	Italy	43.0	12.0	2020-04-07	135586	17127	24392	94067	Apr-20	3039	604	1555	Rest of the World
Italy	Italy	43.0	12.0	2020-04-08	139422	17669	26491	95262	Apr-20	3836	542	2099	Rest of the World
Italy	Italy	43.0	12.0	2020-04-09	143626	18279	28470	96877	Apr-20	4204	610	1979	Rest of the World
Italy	Italy	43.0	12.0	2020-04-10	147577	18849	30455	98273	Apr-20	3951	570	1985	Rest of the World
Italy	Italy	43.0	12.0	2020-04-11	152271	19468	32534	100269	Apr-20	4694	619	2079	Rest of the World
Italy	Italy	43.0	12.0	2020-04-12	156363	19899	34211	102253	Apr-20	4092	431	1677	Rest of the World
Italy	Italy	43.0	12.0	2020-04-13	159516	20465	35435	103616	Apr-20	3153	566	1224	Rest of the World
Italy	Italy	43.0	12.0	2020-04-14	162488	21067	37130	104291	Apr-20	2972	602	1695	Rest of the World
Italy	Italy	43.0	12.0	2020-04-15	165155	21645	38092	105418	Apr-20	2667	578	962	Rest of the World
Italy	Italy	43.0	12.0	2020-04-16	168941	22170	40164	106607	Apr-20	3786	525	2072	Rest of the World
Italy	Italy	43.0	12.0	2020-04-17	172434	22745	42727	106962	Apr-20	3493	575	2563	Rest of the World
Italy	Italy	43.0	12.0	2020-04-18	175925	23227	44927	107771	Apr-20	3491	482	2200	Rest of the World
Italy	Italy	43.0	12.0	2020-04-19	178972	23660	47055	108257	Apr-20	3047	433	2128	Rest of the World
Italy	Italy	43.0	12.0	2020-04-20	181228	24114	48877	108237	Apr-20	2256	454	1822	Rest of the World
Italy	Italy	43.0	12.0	2020-04-21	183957	24648	51600	107709	Apr-20	2729	534	2723	Rest of the World
Italy	Italy	43.0	12.0	2020-04-22	187327	25085	54543	107699	Apr-20	3370	437	2943	Rest of the World
Italy	Italy	43.0	12.0	2020-04-23	189973	25549	57576	106848	Apr-20	2646	464	3033	Rest of the World
Italy	Italy	43.0	12.0	2020-04-24	192994	25969	60498	106527	Apr-20	3021	420	2922	Rest of the World
Italy	Italy	43.0	12.0	2020-04-25	195351	26384	63120	105847	Apr-20	2357	415	2622	Rest of the World
Italy	Italy	43.0	12.0	2020-04-26	197675	26644	64928	106103	Apr-20	2324	260	1808	Rest of the World
Italy	Italy	43.0	12.0	2020-04-27	199414	26977	66624	105813	Apr-20	1739	333	1696	Rest of the World
Italy	Italy	43.0	12.0	2020-04-28	201505	27359	68941	105205	Apr-20	2091	382	2317	Rest of the World
Italy	Italy	43.0	12.0	2020-04-29	203591	27682	71252	104657	Apr-20	2086	323	2311	Rest of the World
Italy	Italy	43.0	12.0	2020-04-30	205463	27967	75945	101551	Apr-20	1872	285	4693	Rest of the World
Italy	Italy	43.0	12.0	2020-05-01	207428	28236	78249	100943	May-20	1965	269	2304	Rest of the World
Italy	Italy	43.0	12.0	2020-05-02	209328	28710	79914	100704	May-20	1900	474	1665	Rest of the World
Italy	Italy	43.0	12.0	2020-05-03	210717	28884	81654	100179	May-20	1389	174	1740	Rest of the World
Italy	Italy	43.0	12.0	2020-05-04	211938	29079	82879	99980	May-20	1221	195	1225	Rest of the World
Italy	Italy	43.0	12.0	2020-05-05	213013	29315	85231	98467	May-20	1075	236	2352	Rest of the World
Italy	Italy	43.0	12.0	2020-05-06	214457	29684	93245	91528	May-20	1444	369	8014	Rest of the World
Italy	Italy	43.0	12.0	2020-05-07	215858	29958	96276	89624	May-20	1401	274	3031	Rest of the World
Italy	Italy	43.0	12.0	2020-05-08	217185	30201	99023	87961	May-20	1327	243	2747	Rest of the World
Italy	Italy	43.0	12.0	2020-05-09	218268	30395	103031	84842	May-20	1083	194	4008	Rest of the World
Italy	Italy	43.0	12.0	2020-05-10	219070	30560	105186	83324	May-20	802	165	2155	Rest of the World
Italy	Italy	43.0	12.0	2020-05-11	219814	30739	106587	82488	May-20	744	179	1401	Rest of the World
Italy	Italy	43.0	12.0	2020-05-12	221216	30911	109039	81266	May-20	1402	172	2452	Rest of the World
Italy	Italy	43.0	12.0	2020-05-13	222104	31106	112541	78457	May-20	888	195	3502	Rest of the World
Italy	Italy	43.0	12.0	2020-05-14	223096	31368	115288	76440	May-20	992	262	2747	Rest of the World
Italy	Italy	43.0	12.0	2020-05-15	223885	31610	120205	72070	May-20	789	242	4917	Rest of the World
Italy	Italy	43.0	12.0	2020-05-16	224760	31763	122810	70187	May-20	875	153	2605	Rest of the World
Italy	Italy	43.0	12.0	2020-05-17	225435	31908	125176	68351	May-20	675	145	2366	Rest of the World
Italy	Italy	43.0	12.0	2020-05-18	225886	32007	127326	66553	May-20	451	99	2150	Rest of the World
Italy	Italy	43.0	12.0	2020-05-19	226699	32169	129401	65129	May-20	813	162	2075	Rest of the World
Italy	Italy	43.0	12.0	2020-05-20	227364	32330	132282	62752	May-20	665	161	2881	Rest of the World
Italy	Italy	43.0	12.0	2020-05-21	228006	32486	134560	60960	May-20	642	156	2278	Rest of the World
Italy	Italy	43.0	12.0	2020-05-22	228658	32616	136720	59322	May-20	652	130	2160	Rest of the World
Italy	Italy	43.0	12.0	2020-05-23	229327	32735	138840	57752	May-20	669	119	2120	Rest of the World
Italy	Italy	43.0	12.0	2020-05-24	229858	32785	140479	56594	May-20	531	50	1639	Rest of the World
Italy	Italy	43.0	12.0	2020-05-25	230158	32877	141981	55300	May-20	300	92	1502	Rest of the World
Italy	Italy	43.0	12.0	2020-05-26	230555	32955	144658	52942	May-20	397	78	2677	Rest of the World
Italy	Italy	43.0	12.0	2020-05-27	231139	33072	147101	50966	May-20	584	117	2443	Rest of the World
Italy	Italy	43.0	12.0	2020-05-28	231732	33142	150604	47986	May-20	593	70	3503	Rest of the World
Italy	Italy	43.0	12.0	2020-05-29	232248	33229	152844	46175	May-20	516	87	2240	Rest of the World
Italy	Italy	43.0	12.0	2020-05-30	232664	33340	155633	43691	May-20	416	111	2789	Rest of the World
Italy	Italy	43.0	12.0	2020-05-31	232997	33415	157507	42075	May-20	333	75	1874	Rest of the World
Italy	Italy	43.0	12.0	2020-06-01	233197	33475	158355	41367	Jun-20	200	60	848	Rest of the World
Italy	Italy	43.0	12.0	2020-06-02	233515	33530	160092	39893	Jun-20	318	55	1737	Rest of the World
Italy	Italy	43.0	12.0	2020-06-03	233836	33601	160938	39297	Jun-20	321	71	846	Rest of the World
Italy	Italy	43.0	12.0	2020-06-04	234013	33689	161895	38429	Jun-20	177	88	957	Rest of the World
Italy	Italy	43.0	12.0	2020-06-05	234531	33774	163781	36976	Jun-20	518	85	1886	Rest of the World
Italy	Italy	43.0	12.0	2020-06-06	234801	33846	165078	35877	Jun-20	270	72	1297	Rest of the World
Italy	Italy	43.0	12.0	2020-06-07	234998	33899	165837	35262	Jun-20	197	53	759	Rest of the World
Italy	Italy	43.0	12.0	2020-06-08	235278	33964	166584	34730	Jun-20	280	65	747	Rest of the World
Italy	Italy	43.0	12.0	2020-06-09	235561	34043	168646	32872	Jun-20	283	79	2062	Rest of the World
Italy	Italy	43.0	12.0	2020-06-10	235763	34114	169939	31710	Jun-20	202	71	1293	Rest of the World
Italy	Italy	43.0	12.0	2020-06-11	236142	34167	171338	30637	Jun-20	379	53	1399	Rest of the World
Italy	Italy	43.0	12.0	2020-06-12	236305	34223	173085	28997	Jun-20	163	56	1747	Rest of the World
Italy	Italy	43.0	12.0	2020-06-13	236651	34301	174865	27485	Jun-20	346	78	1780	Rest of the World
Italy	Italy	43.0	12.0	2020-06-14	236989	34345	176370	26274	Jun-20	338	44	1505	Rest of the World
Italy	Italy	43.0	12.0	2020-06-15	237290	34371	177010	25909	Jun-20	301	26	640	Rest of the World
Italy	Italy	43.0	12.0	2020-06-16	237500	34405	178526	24569	Jun-20	210	34	1516	Rest of the World
Italy	Italy	43.0	12.0	2020-06-17	237828	34448	179455	23925	Jun-20	328	43	929	Rest of the World
Italy	Italy	43.0	12.0	2020-06-18	238159	34514	180544	23101	Jun-20	331	66	1089	Rest of the World
Italy	Italy	43.0	12.0	2020-06-19	238011	34561	181907	21543	Jun-20	-148	47	1363	Rest of the World
