Province/State	Country/Region	Lat	Long	Date	Confirmed	Deaths	Recovered	Active Cases	Month-Year	Confirmed Daily	Deaths Daily	Recovered Daily	Turkey vs Rest of the World
US	US	37.0902	-95.7129	2020-01-22	1	0	0	1	Jan-20	1	0	0	Rest of the World
US	US	37.0902	-95.7129	2020-01-23	1	0	0	1	Jan-20	0	0	0	Rest of the World
US	US	37.0902	-95.7129	2020-01-24	2	0	0	2	Jan-20	1	0	0	Rest of the World
US	US	37.0902	-95.7129	2020-01-25	2	0	0	2	Jan-20	0	0	0	Rest of the World
US	US	37.0902	-95.7129	2020-01-26	5	0	0	5	Jan-20	3	0	0	Rest of the World
US	US	37.0902	-95.7129	2020-01-27	5	0	0	5	Jan-20	0	0	0	Rest of the World
US	US	37.0902	-95.7129	2020-01-28	5	0	0	5	Jan-20	0	0	0	Rest of the World
US	US	37.0902	-95.7129	2020-01-29	5	0	0	5	Jan-20	0	0	0	Rest of the World
US	US	37.0902	-95.7129	2020-01-30	5	0	0	5	Jan-20	0	0	0	Rest of the World
US	US	37.0902	-95.7129	2020-01-31	7	0	0	7	Jan-20	2	0	0	Rest of the World
US	US	37.0902	-95.7129	2020-02-01	8	0	0	8	Feb-20	1	0	0	Rest of the World
US	US	37.0902	-95.7129	2020-02-02	8	0	0	8	Feb-20	0	0	0	Rest of the World
US	US	37.0902	-95.7129	2020-02-03	11	0	0	11	Feb-20	3	0	0	Rest of the World
US	US	37.0902	-95.7129	2020-02-04	11	0	0	11	Feb-20	0	0	0	Rest of the World
US	US	37.0902	-95.7129	2020-02-05	11	0	0	11	Feb-20	0	0	0	Rest of the World
US	US	37.0902	-95.7129	2020-02-06	11	0	0	11	Feb-20	0	0	0	Rest of the World
US	US	37.0902	-95.7129	2020-02-07	11	0	0	11	Feb-20	0	0	0	Rest of the World
US	US	37.0902	-95.7129	2020-02-08	11	0	0	11	Feb-20	0	0	0	Rest of the World
US	US	37.0902	-95.7129	2020-02-09	11	0	3	8	Feb-20	0	0	3	Rest of the World
US	US	37.0902	-95.7129	2020-02-10	11	0	3	8	Feb-20	0	0	0	Rest of the World
US	US	37.0902	-95.7129	2020-02-11	12	0	3	9	Feb-20	1	0	0	Rest of the World
US	US	37.0902	-95.7129	2020-02-12	12	0	3	9	Feb-20	0	0	0	Rest of the World
US	US	37.0902	-95.7129	2020-02-13	13	0	3	10	Feb-20	1	0	0	Rest of the World
US	US	37.0902	-95.7129	2020-02-14	13	0	3	10	Feb-20	0	0	0	Rest of the World
US	US	37.0902	-95.7129	2020-02-15	13	0	3	10	Feb-20	0	0	0	Rest of the World
US	US	37.0902	-95.7129	2020-02-16	13	0	3	10	Feb-20	0	0	0	Rest of the World
US	US	37.0902	-95.7129	2020-02-17	13	0	3	10	Feb-20	0	0	0	Rest of the World
US	US	37.0902	-95.7129	2020-02-18	13	0	3	10	Feb-20	0	0	0	Rest of the World
US	US	37.0902	-95.7129	2020-02-19	13	0	3	10	Feb-20	0	0	0	Rest of the World
US	US	37.0902	-95.7129	2020-02-20	13	0	3	10	Feb-20	0	0	0	Rest of the World
US	US	37.0902	-95.7129	2020-02-21	15	0	5	10	Feb-20	2	0	2	Rest of the World
US	US	37.0902	-95.7129	2020-02-22	15	0	5	10	Feb-20	0	0	0	Rest of the World
US	US	37.0902	-95.7129	2020-02-23	15	0	5	10	Feb-20	0	0	0	Rest of the World
US	US	37.0902	-95.7129	2020-02-24	15	0	5	10	Feb-20	0	0	0	Rest of the World
US	US	37.0902	-95.7129	2020-02-25	15	0	6	9	Feb-20	0	0	1	Rest of the World
US	US	37.0902	-95.7129	2020-02-26	15	0	6	9	Feb-20	0	0	0	Rest of the World
US	US	37.0902	-95.7129	2020-02-27	16	0	6	10	Feb-20	1	0	0	Rest of the World
US	US	37.0902	-95.7129	2020-02-28	16	0	7	9	Feb-20	0	0	1	Rest of the World
US	US	37.0902	-95.7129	2020-02-29	24	1	7	16	Feb-20	8	1	0	Rest of the World
US	US	37.0902	-95.7129	2020-03-01	30	1	7	22	Mar-20	6	0	0	Rest of the World
US	US	37.0902	-95.7129	2020-03-02	53	6	7	40	Mar-20	23	5	0	Rest of the World
US	US	37.0902	-95.7129	2020-03-03	73	7	7	59	Mar-20	20	1	0	Rest of the World
US	US	37.0902	-95.7129	2020-03-04	104	11	7	86	Mar-20	31	4	0	Rest of the World
US	US	37.0902	-95.7129	2020-03-05	174	12	7	155	Mar-20	70	1	0	Rest of the World
US	US	37.0902	-95.7129	2020-03-06	222	14	7	201	Mar-20	48	2	0	Rest of the World
US	US	37.0902	-95.7129	2020-03-07	337	17	7	313	Mar-20	115	3	0	Rest of the World
US	US	37.0902	-95.7129	2020-03-08	451	21	7	423	Mar-20	114	4	0	Rest of the World
US	US	37.0902	-95.7129	2020-03-09	519	22	7	490	Mar-20	68	1	0	Rest of the World
US	US	37.0902	-95.7129	2020-03-10	711	28	8	675	Mar-20	192	6	1	Rest of the World
US	US	37.0902	-95.7129	2020-03-11	1109	32	8	1069	Mar-20	398	4	0	Rest of the World
US	US	37.0902	-95.7129	2020-03-12	1561	43	12	1506	Mar-20	452	11	4	Rest of the World
US	US	37.0902	-95.7129	2020-03-13	2157	52	12	2093	Mar-20	596	9	0	Rest of the World
US	US	37.0902	-95.7129	2020-03-14	2870	59	12	2799	Mar-20	713	7	0	Rest of the World
US	US	37.0902	-95.7129	2020-03-15	2968	72	12	2884	Mar-20	98	13	0	Rest of the World
US	US	37.0902	-95.7129	2020-03-16	4360	100	17	4243	Mar-20	1392	28	5	Rest of the World
US	US	37.0902	-95.7129	2020-03-17	6141	134	17	5990	Mar-20	1781	34	0	Rest of the World
US	US	37.0902	-95.7129	2020-03-18	8914	191	105	8618	Mar-20	2773	57	88	Rest of the World
US	US	37.0902	-95.7129	2020-03-19	14153	269	121	13763	Mar-20	5239	78	16	Rest of the World
US	US	37.0902	-95.7129	2020-03-20	19479	366	147	18966	Mar-20	5326	97	26	Rest of the World
US	US	37.0902	-95.7129	2020-03-21	25818	456	176	25186	Mar-20	6339	90	29	Rest of the World
US	US	37.0902	-95.7129	2020-03-22	33756	600	178	32978	Mar-20	7938	144	2	Rest of the World
US	US	37.0902	-95.7129	2020-03-23	43845	784	178	42883	Mar-20	10089	184	0	Rest of the World
US	US	37.0902	-95.7129	2020-03-24	54108	1019	348	52741	Mar-20	10263	235	170	Rest of the World
US	US	37.0902	-95.7129	2020-03-25	66044	1329	361	64354	Mar-20	11936	310	13	Rest of the World
US	US	37.0902	-95.7129	2020-03-26	84080	1736	681	81663	Mar-20	18036	407	320	Rest of the World
US	US	37.0902	-95.7129	2020-03-27	102254	2284	869	99101	Mar-20	18174	548	188	Rest of the World
US	US	37.0902	-95.7129	2020-03-28	122054	2921	1072	118061	Mar-20	19800	637	203	Rest of the World
US	US	37.0902	-95.7129	2020-03-29	141194	3546	2665	134983	Mar-20	19140	625	1593	Rest of the World
US	US	37.0902	-95.7129	2020-03-30	162690	4352	5644	152694	Mar-20	21496	806	2979	Rest of the World
US	US	37.0902	-95.7129	2020-03-31	188701	5568	7024	176109	Mar-20	26011	1216	1380	Rest of the World
US	US	37.0902	-95.7129	2020-04-01	214194	6787	8474	198933	Apr-20	25493	1219	1450	Rest of the World
US	US	37.0902	-95.7129	2020-04-02	244593	8349	9001	227243	Apr-20	30399	1562	527	Rest of the World
US	US	37.0902	-95.7129	2020-04-03	276535	9646	9707	257182	Apr-20	31942	1297	706	Rest of the World
US	US	37.0902	-95.7129	2020-04-04	309699	10912	14652	284135	Apr-20	33164	1266	4945	Rest of the World
US	US	37.0902	-95.7129	2020-04-05	337573	12323	17448	307802	Apr-20	27874	1411	2796	Rest of the World
US	US	37.0902	-95.7129	2020-04-06	367210	13985	19581	333644	Apr-20	29637	1662	2133	Rest of the World
US	US	37.0902	-95.7129	2020-04-07	397992	16290	21763	359939	Apr-20	30782	2305	2182	Rest of the World
US	US	37.0902	-95.7129	2020-04-08	429686	18369	23559	387758	Apr-20	31694	2079	1796	Rest of the World
US	US	37.0902	-95.7129	2020-04-09	464442	20415	25410	418617	Apr-20	34756	2046	1851	Rest of the World
US	US	37.0902	-95.7129	2020-04-10	497943	22486	28790	446667	Apr-20	33501	2071	3380	Rest of the World
US	US	37.0902	-95.7129	2020-04-11	527958	24498	31270	472190	Apr-20	30015	2012	2480	Rest of the World
US	US	37.0902	-95.7129	2020-04-12	556517	26238	32988	497291	Apr-20	28559	1740	1718	Rest of the World
US	US	37.0902	-95.7129	2020-04-13	581810	28036	43482	510292	Apr-20	25293	1798	10494	Rest of the World
US	US	37.0902	-95.7129	2020-04-14	608845	30429	47763	530653	Apr-20	27035	2393	4281	Rest of the World
US	US	37.0902	-95.7129	2020-04-15	637974	32944	52096	552934	Apr-20	29129	2515	4333	Rest of the World
US	US	37.0902	-95.7129	2020-04-16	669272	35031	54703	579538	Apr-20	31298	2087	2607	Rest of the World
US	US	37.0902	-95.7129	2020-04-17	701996	37621	58545	605830	Apr-20	32724	2590	3842	Rest of the World
US	US	37.0902	-95.7129	2020-04-18	730317	39966	64840	625511	Apr-20	28321	2345	6295	Rest of the World
US	US	37.0902	-95.7129	2020-04-19	756375	41148	70337	644890	Apr-20	26058	1182	5497	Rest of the World
US	US	37.0902	-95.7129	2020-04-20	783716	42918	72329	668469	Apr-20	27341	1770	1992	Rest of the World
US	US	37.0902	-95.7129	2020-04-21	809213	45314	75204	688695	Apr-20	25497	2396	2875	Rest of the World
US	US	37.0902	-95.7129	2020-04-22	837414	47649	77366	712399	Apr-20	28201	2335	2162	Rest of the World
US	US	37.0902	-95.7129	2020-04-23	871617	49969	80203	741445	Apr-20	34203	2320	2837	Rest of the World
US	US	37.0902	-95.7129	2020-04-24	907908	51746	99079	757083	Apr-20	36291	1777	18876	Rest of the World
US	US	37.0902	-95.7129	2020-04-25	940829	54015	100372	786442	Apr-20	32921	2269	1293	Rest of the World
US	US	37.0902	-95.7129	2020-04-26	968517	55162	106988	806367	Apr-20	27688	1147	6616	Rest of the World
US	US	37.0902	-95.7129	2020-04-27	990993	56502	111424	823067	Apr-20	22476	1340	4436	Rest of the World
US	US	37.0902	-95.7129	2020-04-28	1015518	58632	115936	840950	Apr-20	24525	2130	4512	Rest of the World
US	US	37.0902	-95.7129	2020-04-29	1042926	61252	120720	860954	Apr-20	27408	2620	4784	Rest of the World
US	US	37.0902	-95.7129	2020-04-30	1072667	63291	153947	855429	Apr-20	29741	2039	33227	Rest of the World
US	US	37.0902	-95.7129	2020-05-01	1106829	65243	164015	877571	May-20	34162	1952	10068	Rest of the World
US	US	37.0902	-95.7129	2020-05-02	1136024	66668	175382	893974	May-20	29195	1425	11367	Rest of the World
US	US	37.0902	-95.7129	2020-05-03	1161611	67990	180152	913469	May-20	25587	1322	4770	Rest of the World
US	US	37.0902	-95.7129	2020-05-04	1184086	69237	187180	927669	May-20	22475	1247	7028	Rest of the World
US	US	37.0902	-95.7129	2020-05-05	1208271	71387	189791	947093	May-20	24185	2150	2611	Rest of the World
US	US	37.0902	-95.7129	2020-05-06	1233527	73775	189910	969842	May-20	25256	2388	119	Rest of the World
US	US	37.0902	-95.7129	2020-05-07	1261409	75986	195036	990387	May-20	27882	2211	5126	Rest of the World
US	US	37.0902	-95.7129	2020-05-08	1288566	77495	198993	1012078	May-20	27157	1509	3957	Rest of the World
US	US	37.0902	-95.7129	2020-05-09	1314306	79122	212534	1022650	May-20	25740	1627	13541	Rest of the World
US	US	37.0902	-95.7129	2020-05-10	1334084	79856	216169	1038059	May-20	19778	734	3635	Rest of the World
US	US	37.0902	-95.7129	2020-05-11	1352962	81018	232733	1039211	May-20	18878	1162	16564	Rest of the World
US	US	37.0902	-95.7129	2020-05-12	1374914	82709	230287	1061918	May-20	21952	1691	-2446	Rest of the World
US	US	37.0902	-95.7129	2020-05-13	1396109	84452	243430	1068227	May-20	21195	1743	13143	Rest of the World
US	US	37.0902	-95.7129	2020-05-14	1423726	86229	246414	1091083	May-20	27617	1777	2984	Rest of the World
US	US	37.0902	-95.7129	2020-05-15	1449026	87862	250747	1110417	May-20	25300	1633	4333	Rest of the World
US	US	37.0902	-95.7129	2020-05-16	1474127	89084	268376	1116667	May-20	25101	1222	17629	Rest of the World
US	US	37.0902	-95.7129	2020-05-17	1493131	89893	272265	1130973	May-20	19004	809	3889	Rest of the World
US	US	37.0902	-95.7129	2020-05-18	1514839	90683	283178	1140978	May-20	21708	790	10913	Rest of the World
US	US	37.0902	-95.7129	2020-05-19	1535337	92252	289392	1153693	May-20	20498	1569	6214	Rest of the World
US	US	37.0902	-95.7129	2020-05-20	1558949	93775	294312	1170862	May-20	23612	1523	4920	Rest of the World
US	US	37.0902	-95.7129	2020-05-21	1584486	95020	298418	1191048	May-20	25537	1245	4106	Rest of the World
US	US	37.0902	-95.7129	2020-05-22	1608623	96296	350135	1162192	May-20	24137	1276	51717	Rest of the World
US	US	37.0902	-95.7129	2020-05-23	1630450	97406	361239	1171805	May-20	21827	1110	11104	Rest of the World
US	US	37.0902	-95.7129	2020-05-24	1651239	98039	366736	1186464	May-20	20789	633	5497	Rest of the World
US	US	37.0902	-95.7129	2020-05-25	1670209	98541	379157	1192511	May-20	18970	502	12421	Rest of the World
US	US	37.0902	-95.7129	2020-05-26	1689057	99239	384902	1204916	May-20	18848	698	5745	Rest of the World
US	US	37.0902	-95.7129	2020-05-27	1707423	100744	391508	1215171	May-20	18366	1505	6606	Rest of the World
US	US	37.0902	-95.7129	2020-05-28	1730259	101937	399991	1228331	May-20	22836	1193	8483	Rest of the World
US	US	37.0902	-95.7129	2020-05-29	1754747	103113	406446	1245188	May-20	24488	1176	6455	Rest of the World
US	US	37.0902	-95.7129	2020-05-30	1778993	104054	416461	1258478	May-20	24246	941	10015	Rest of the World
US	US	37.0902	-95.7129	2020-05-31	1799122	104659	444758	1249705	May-20	20129	605	28297	Rest of the World
US	US	37.0902	-95.7129	2020-06-01	1816476	105430	458231	1252815	Jun-20	17354	771	13473	Rest of the World
US	US	37.0902	-95.7129	2020-06-02	1837367	106461	463868	1267038	Jun-20	20891	1031	5637	Rest of the World
US	US	37.0902	-95.7129	2020-06-03	1857248	107444	479258	1270546	Jun-20	19881	983	15390	Rest of the World
US	US	37.0902	-95.7129	2020-06-04	1878543	108479	485002	1285062	Jun-20	21295	1035	5744	Rest of the World
US	US	37.0902	-95.7129	2020-06-05	1903854	109449	491706	1302699	Jun-20	25311	970	6704	Rest of the World
US	US	37.0902	-95.7129	2020-06-06	1926538	110124	500849	1315565	Jun-20	22684	675	9143	Rest of the World
US	US	37.0902	-95.7129	2020-06-07	1944309	110575	506367	1327367	Jun-20	17771	451	5518	Rest of the World
US	US	37.0902	-95.7129	2020-06-08	1961781	111068	518522	1332191	Jun-20	17472	493	12155	Rest of the World
US	US	37.0902	-95.7129	2020-06-09	1979868	112014	524855	1342999	Jun-20	18087	946	6333	Rest of the World
US	US	37.0902	-95.7129	2020-06-10	2000702	112935	533504	1354263	Jun-20	20834	921	8649	Rest of the World
US	US	37.0902	-95.7129	2020-06-11	2023590	113823	540292	1369475	Jun-20	22888	888	6788	Rest of the World
US	US	37.0902	-95.7129	2020-06-12	2048986	114669	547386	1386931	Jun-20	25396	846	7094	Rest of the World
US	US	37.0902	-95.7129	2020-06-13	2074526	115436	556606	1402484	Jun-20	25540	767	9220	Rest of the World
US	US	37.0902	-95.7129	2020-06-14	2094058	115732	561816	1416510	Jun-20	19532	296	5210	Rest of the World
US	US	37.0902	-95.7129	2020-06-15	2114026	116127	576334	1421565	Jun-20	19968	395	14518	Rest of the World
US	US	37.0902	-95.7129	2020-06-16	2137731	116963	583503	1437265	Jun-20	23705	836	7169	Rest of the World
US	US	37.0902	-95.7129	2020-06-17	2163290	117717	592191	1453382	Jun-20	25559	754	8688	Rest of the World
US	US	37.0902	-95.7129	2020-06-18	2191052	118434	599115	1473503	Jun-20	27762	717	6924	Rest of the World
US	US	37.0902	-95.7129	2020-06-19	2220961	119112	606715	1495134	Jun-20	29909	678	7600	Rest of the World
